0 0.5350 0.1480 0.1040 0.1040
0 0.2310 0.8225 0.0630 0.0630
1 0.2900 0.5770 0.0460 0.0460
1 0.4545 0.4675 0.1040 0.1040
0 0.5630 0.5915 0.0880 0.0880
0 0.5390 0.5100 0.0960 0.0960
0 0.3630 0.4160 0.0380 0.0380
0 0.6210 0.6875 0.0380 0.0380
0 0.3245 0.4225 0.0460 0.0460
0 0.3070 0.8830 0.1130 0.1130
0 0.6475 0.6965 0.0320 0.0320
0 0.5250 0.4215 0.0680 0.0680
0 0.1980 0.8845 0.0940 0.0940
0 0.0575 0.9525 0.0410 0.0410
0 0.0840 0.7880 0.0410 0.0410
0 0.0440 0.7970 0.0500 0.0500
1 0.2590 0.7355 0.0590 0.0590
1 0.0610 0.3820 0.0500 0.0500
0 0.8295 0.6360 0.0410 0.0410
0 0.8030 0.6150 0.0410 0.0410
