2 0.6385 0.5570 0.0480 0.0480
0 0.8975 0.5920 0.0410 0.0410
0 0.6655 0.7345 0.0360 0.0360
0 0.2345 0.7210 0.0360 0.0360
0 0.2345 0.7210 0.0360 0.0360
0 0.3840 0.7035 0.0360 0.0360
2 0.3820 0.3700 0.0420 0.0420
0 0.5420 0.1410 0.0820 0.0820
1 0.7445 0.2110 0.0660 0.0660
0 0.5160 0.6955 0.0660 0.0660
0 0.7910 0.2135 0.0440 0.0440
2 0.7405 0.4995 0.0680 0.0680
0 0.8015 0.9495 0.0680 0.0680
0 0.7510 0.9035 0.0590 0.0590
0 0.7690 0.4715 0.0500 0.0500
0 0.8550 0.7275 0.0590 0.0590
0 0.8220 0.7010 0.0590 0.0590
0 0.7940 0.7200 0.0590 0.0590
