0 0.7575 0.4655 0.0300 0.0300
0 0.7650 0.4330 0.0380 0.0380
2 0.3020 0.8205 0.0380 0.0380
1 0.3360 0.8260 0.0380 0.0380
1 0.8165 0.8700 0.0380 0.0380
1 0.8475 0.8500 0.0380 0.0380
1 0.7830 0.2335 0.0800 0.0800
0 0.8200 0.3020 0.0710 0.0710
0 0.7790 0.2770 0.0630 0.0630
2 0.5490 0.7505 0.0410 0.0410
0 0.6130 0.5945 0.0320 0.0320
0 0.8930 0.5945 0.0680 0.0680
1 0.7540 0.5650 0.0410 0.0410
2 0.0540 0.4410 0.0320 0.0320
1 0.8285 0.5995 0.0760 0.0760
0 0.0235 0.5735 0.0410 0.0410
0 0.2810 0.6330 0.0410 0.0410
0 0.3085 0.6240 0.0410 0.0410
0 0.2765 0.8450 0.0410 0.0410
0 0.5980 0.7380 0.0410 0.0410
