2 0.9530 0.6440 0.0350 0.0350
0 0.6925 0.6395 0.0350 0.0350
0 0.9210 0.7865 0.0520 0.0520
0 0.0410 0.7960 0.0440 0.0440
0 0.0425 0.5965 0.0360 0.0360
0 0.0285 0.4330 0.0440 0.0440
0 0.6645 0.2660 0.0520 0.0520
1 0.3045 0.2980 0.0440 0.0440
0 0.2810 0.4830 0.0360 0.0360
0 0.6830 0.6955 0.0360 0.0360
0 0.5190 0.5475 0.0360 0.0360
2 0.4695 0.7595 0.0360 0.0360
0 0.2125 0.8045 0.0520 0.0520
0 0.2480 0.8095 0.0680 0.0680
1 0.2240 0.5660 0.0520 0.0520
0 0.1905 0.5785 0.0600 0.0600
2 0.3065 0.4730 0.0360 0.0360
2 0.9300 0.3855 0.0520 0.0520
0 0.9335 0.6045 0.0520 0.0520
