2 0.0260 0.3015 0.0420 0.0420
1 0.6460 0.4270 0.0380 0.0380
1 0.2430 0.1445 0.0760 0.0760
0 0.3045 0.2495 0.0440 0.0440
0 0.2340 0.2030 0.0680 0.0680
0 0.1925 0.1870 0.0600 0.0600
0 0.2055 0.3825 0.0600 0.0600
0 0.6875 0.3535 0.0520 0.0520
0 0.5995 0.1200 0.0360 0.0360
0 0.5695 0.1305 0.0360 0.0360
1 0.8650 0.1570 0.0440 0.0440
1 0.8365 0.1510 0.0440 0.0440
0 0.7960 0.1355 0.0680 0.0680
2 0.7475 0.3310 0.0600 0.0600
2 0.6545 0.5790 0.0600 0.0600
0 0.6450 0.6255 0.0680 0.0680
0 0.2690 0.8275 0.0760 0.0760
