0 0.8065 0.3430 0.0340 0.0340
2 0.7760 0.3305 0.0390 0.0390
0 0.5330 0.5230 0.0560 0.0560
0 0.5330 0.3875 0.0570 0.0570
0 0.3050 0.6025 0.0520 0.0520
0 0.3150 0.3130 0.0440 0.0440
0 0.2870 0.3425 0.0680 0.0680
0 0.3270 0.0490 0.0840 0.0840
0 0.5775 0.1175 0.0520 0.0520
1 0.5300 0.1130 0.0600 0.0600
2 0.5270 0.4665 0.0440 0.0440
2 0.5235 0.4050 0.0760 0.0760
0 0.6265 0.6445 0.0600 0.0600
0 0.5905 0.6195 0.0600 0.0600
0 0.9575 0.9365 0.0760 0.0760
0 0.9365 0.7635 0.0680 0.0680
0 0.5680 0.8595 0.0680 0.0680
0 0.5270 0.8175 0.0600 0.0600
